5000100
5000200
5000400
5001600
5001900
5002000
5002300
5002400
5002500
5002701
5002702
5002800
5003100
5003300
5003500
5003700
5003800
5003900
5004001
5004100
5004200
5004300
5004400
5004600
5004800
5005001
5005002
5005100
5005200
5005300
5005400
5005600
5005902
5006000
5006100
5006200
5006300
5006400
5006500
5006700
5006800
5006900
5007000
5007100
5007200
5007300
5007400
5007500
5007600
5007700
5007800
5007900
5008300
5008400
5008500
5008600
5008700
5008900
5009000
5009200
5009300
5009600
5009800
5011000
5011502
5011700
5011800
5011900
5012101
5012102
5012300
5012500
5012701
5012901
5013000
5013100
5013200
5013300
5013500
5013800
5014100
5014300
5014400
5014500
5014701
5014702
5014900
5015100
5015200
5015300
5015500
5015700
5015800
5015900
5016000
5016100
5016200
5016300
5016400
5016500
5016600
5016700
5016900
5017100
5017300
5017500
5017701
5017702
5017901
5017902
5018101
5018102
5018301
5018302
5018400
5018500
5018900
5019300
5019400
5019500
5019700
5019900
5020000
5020100
5020200
5020400
5020501
5020502
5020601
5020900
5021001
5021002
5021100
5021200
5021301
5021302
5021501
5021502
5021601
5021602
5021700
5021800
5021900
5022000
5022101
5022102
5022200
5022300
5022401
5022403
5022404
5022500
5022701
5022702
5022703
5022800
5022901
5022902
5023000
5023100
5023200
5023301
5023302
5023501
5023502
5023600
5023702
5023703
5023704
5023800
5023900
5024000
5024100
5024300
5024400
5024501
5024502
5024600
5024700
5024800
5024900
5025000
5025100
5025200
5025300
5025400
5025500
5025600
5025700
5026100
5026300
5026400
5026500
5026601
5026602
5026701
5026702
5026900
5027300
5027401
5027402
5027600
5027700
5027900
5028100
5028300
5028400
5028500
5028600
5028700
5028800
5028900
5029301
5029302
5029500
5029600
5029700
5030000
5030100
5030200
5030701
5030900
5031000
5031200
5031400
5031600
5031800
5031900
5032300
5032400
5032600
5032800
5033000
5033201
5033202
5033400
5033500
5033600
5033700
5033800
5034000
5034200
5034300
5034400
5034500
5034800
5035000
5035100
5035600
5035800
5035900
5036000
5036100
5036300
5036400
5036501
5036502
5036700
5036800
5036901
5036902
5037000
5037100
5037200
5037300
5037400
5037504
5037600
5037800
5037900
5038000
5038100
5038200
5038301
5038302
5038500
5038600
5038700
5038800
5038900
5039000
5039100
5039200
5039300
5039400
5039500
5039600
5039700
5039800
5039901
5039902
5040100
5040302
5040303
5040304
5040400
5040501
5040502
5040600
5040701
5040702
5040800
5040900
5041100
5041300
5041400
5041500
5041800
5041900
5042000
5042100
5042200
5042300
5042400
5042500
5042600
5042800
5042901
5042902
5043000
5043100
5043400
5043500
5043600
5044200
5044400
5044800
5044901
5044902
5045101
5045102
5045600
5045800
5046000
5046201
5046202
5048400
5050400
5051600
47000100
47000200
47000301
47000501
47000502
47000700
47000900
47001100
47001300
47001500
47001800
47002000
47002100
47002200
47002300
47002901
47003000
47003100
47003300
47003400
47003500
47003600
47003700
47003800
47003900
47004100
47004300
47004400
47004500
47004600
47004700
47004900
47005000
47005100
47005201
47005202
47005300
47005400
47005601
47005602
47005800
47005900
47006000
47006200
47006300
47006400
47006500
47006600
47006700
47006800
47006900
47007000
47007100
47007200
47007400
47007500
47007600
47007700
47007800
47008000
47008200
47008400
47008500
47008600
47008800
47009000
47009200
47009400
47009600
47009800
47010000
47010100
47010200
47010400
47010600
47010800
47011000
47011200
47011400
47011600
47011700
47011800
47011900
47012000
47012100
47012200
47012600
47012700
47012801
47012901
47012902
47013000
47013100
47013200
47013300
47013400
47013500
47013600
47013700
47013800
47013900
47014000
47014100
47014200
47014300
47014500
47014700
47014800
47014900
47015000
47015100
47015200
47015300
47015400
47015500
47015700
47015900
47016000
47016100
47016200
47016300
47016400
47016500
47016600
47016700
47016800
47016900
47017000
47017100
47017200
47017400
47017500
47017600
47017700
47017800
47017900
47018000
47018100
47018200
47018300
47018400
47018501
47018600
47018700
47018800
47019000
47019100
47019200
47019300
47019400
47019500
47019600
47019700
47019800
47019900
47020000
47020100
47020200
47020300
47020400
47020500
47020600
47020700
47020800
47021000
47021100
47021200
47021300
47021400
47021500
47021600
47021700
47021800
47021900
47022000
47022100
47022200
47022400
47022600
47022700
47022800
47022900
47023000
47023100
47023200
47023300
47023400
47023500
47023600
47023800
47024000
47024100
47024200
47024300
47024400
47024500
47024600
47024700
47024800
47024900
47025000
47025100
47025200
47025300
47025400
47025500
47025600
47025700
47025800
47025901
47025902
47026000
47026100
47026200
47026300
47026400
47026500
47026600
47026700
47026800
47026900
47027000
47027100
47027200
47027300
47027400
47027500
47027600
47027700
47027800
47027900
47028000
47028100
47028200
47028300
47028400
47028501
47028502
47028600
47028700
47028800
47028900
47029000
47029100
47029200
47029300
47029400
47029500
47029600
47029700
47029800
47029900
47030000
47030100
47030200
47030300
47030400
47030500
47030600
47030700
47030800
47030900
47031100
47031300
47031400
47031500
47031701
47031702
47031900
47032100
47032300
47032500
47032600
47032700
47032800
47032900
47033000
47033100
47033300
47033500
47033600
47033700
47033900
47034000
47034100
47034200
47034300
47034500
47034700
47034800
47034900
47035000
47035100
47035200
47035300
47035400
47035500
47035601
47035602
47035700
47035900
47036001
47036002
47036100
47036200
47036300
47036400
47036501
47036502
47036600
47036700
47036900
47037000
47037100
47037300
47037401
47037402
47037500
47037700
47037900
47038100
47038200
47038300
47038500
47038600
47038700
47038800
47038900
47039000
47039100
47039200
47039300
47039400
47039500
47039600
47039700
47039800
47039900
47040000
47040100
47040200
47040300
47040400
47040500
47040600
47040700
47040800
47040900
47041000
47041100
47041200
47041300
47041401
47041402
47041500
47041600
47041700
47041800
47041900
47042000
47042100
47042200
47042300
47042400
47042500
47042600
47042700
47042800
47042900
47043000
47043100
47043200
47043300
47043400
47043500
47043600
47043700
47043800
47043900
47044000
47044100
47044200
47044300
47044400
47044500
47044600
47044700
47044800
47044900
47045000
47045200
47045300
47045400
47045600
47045800
47046000
47046201
47046202
47046400
47046800
47047000
47047200
47047400
47047600
47047700
47047800
47048000
47048100
47048200
47048400
47048500
47048600
47048800
47048900
47049000
47049100
47049200
47049300
47049400
47049500
47049600
47049700
47049800
47049900
47050000
47050100
47050202
47050300
47050400
47050500
47050600
47050700
47050801
47050803
47050804
47050900
47051001
47051002
47051100
47051200
47051300
47051400
47051500
47051601
47051602
47051700
47051800
47051900
47052000
47052300
47052500
47052600
47052700
47052800
47052900
47053000
47053100
47053200
47053300
47053400
47053500
47053700
47053800
47053900
47054200
47054300
47054400
47054500
47054600
47054700
47054800
47054900
47055000
47055100
47055200
47055300
47055400
47055500
47055600
47055700
47055800
47056000
47056100
47056200
47056300
47056400
47056500
47056600
47056800
47056900
47057000
47057100
47057200
47057300
47057400
47057500
47057600
47057800
47057900
47058000
47058200
47058400
47058600
47058800
47058900
47059000
47059100
47059200
47059300
47059401
47059402
47059600
47059800
47060000
47060600
47060800
47061002
47061003
47061004
47061200
47061600
47062000
47062200
47062600
47062800
47063200
47063600
47063800
47064000
47064200
47064400
47064600
47064800
47065000
47065200
47065400
47065600
47065800
47066000
47066200
47066600
47067000
47067200
47067400
47067600
47067800
47068000
47068200
47068600
47068800
47069000
47069200
47069601
47069602
47069800
47070000
47070201
47070202
47070203
47070600
47072000
47072200
47072400
47072600
47072800
47073000
47073200
47073400
47073600
47073800
47074000
47074200
47074400
47074600
47074800
47075000
47075200
47075400
47075600
47075800
47076000
47076200
47076400
47076600
47076800
47077000
47077200
47077400
47077600
47078000
47078200
47078400
47078600
47078800
47079000
47079200
47079400
47079601
47079602
47079801
47079802
47080000
47080200
47080400
47080600
47080800
47081000
47081400
47081600
47081800
47082000
47082200
47082400
47082600
47082800
47083000
47083200
47083400
47083600
47083800
47084000
47084600
47084800
47085000
47085200
47085400
47085600
47085800
47086000
47086200
47086400
47086600
47086800
47087000
47087200
47087401
47087600
47087800
47088000
47088200
47088400
47088600
47088800
47089000
47089200
47089400
47089600
47089800
47090000
47090200
47090600
47090800
47091000
47091200
47091600
47091800
47092000
47092200
47092400
47092800
47093000
47093200
47093400
47093600
47093800
47094401
47094402
47094600
47095000
47095400
47095600
47095800
47096000
47096200
47096400
47096600
47096800
47097000
47097400
47098200
47098400
47098600
47098800
47099000
47099200
47099400
47099600
47099800
47100400
47100600
47100800
47101000
47101200
47101400
47101600
47101800
47102000
47102200
47102400
47102600
47102800
47103400
47105801
47105804
47107000
47107800
47109800
47110400
47110600
47111000
47111600
47111800
47112000
47112200
47112400
47112600
47112800
47113000
47113200
47113400
47114201
47114202
47114400
47114600
47115000
47115200
47115600
47115800
47116000
47116200
47116400
47116600
47116800
47117000
47117201
47117202
47117400
47117601
47117602
47117800
47118000
47118201
47118202
47118400
47118600
47118800
47119000
47119200
47119400
47119600
47119800
47120000
47120200
47120800
47121000
47121400
47122000
47123700
47150200
47152200
47990100
61000100
61000201
61000202
61000500
61000600
61000700
61000800
61000900
61001001
61001002
61001200
61001300
61001401
61001402
61001501
61001502
61001600
61001800
61002000
61002100
61002201
61002202
61002400
61002500
61002601
61002602
61002700
61002800
61002900
61003001
61003002
61003100
61003200
61003300
61003400
61003601
61003602
61003700
61003800
61003900
61004000
61004100
61004200
61004300
61004400
61004500
61004700
61004800
61004900
61005000
61005200
61005400
61005501
61005502
61005600
61005700
61005800
61005900
61006000
61006100
61006200
61006300
61006400
61006500
61006600
61006700
61006800
61006900
61007000
61007100
61007200
61007300
61007400
61007500
61007600
61007700
61007800
61007900
61008000
61008100
61008200
61008300
61008400
61008601
61008602
61008603
61008700
61008800
61008900
61009000
61009100
61009200
61009300
61009400
61009500
61009600
61009700
61009800
61009900
61010000
61010100
61010200
61010300
61010400
61010601
61010602
61010800
61010900
61011000
61011100
61011201
61011202
61011203
61011300
61011401
61011402
61011500
61011600
61011700
61011800
61011900
61012000
61012100
61012200
61012400
61012500
61012600
61012700
61012800
61012900
61013000
61013100
61013200
61013300
61013400
61013500
61013600
61013700
61013800
61013900
61014000
61014200
61014300
61014401
61014402
61014500
61014601
61014602
61014700
61014801
61014802
61014900
61015001
61015002
61015100
61015200
61015300
61015400
61015500
61015601
61015602
61015700
61015801
61015802
61015900
61016001
61016002
61016100
61016200
61016300
61016400
61016500
61016600
61016700
61016800
61016900
61017000
61017100
61017200
61017300
61017401
61017402
61017500
61017700
61017800
61017900
61018000
61018100
61018200
61018300
61018400
61018500
61018600
61018700
61018800
61018900
61019000
61019100
61019200
61019300
61019400
61019500
61019600
61019701
61019702
61019800
61019900
61020000
61020101
61020102
61020300
61020500
61020600
61020701
61020800
61020901
61021000
61021100
61021200
61021303
61021400
61021500
61021600
61021703
61021800
61021900
61022000
61022102
61022200
61022301
61022302
61022400
61022500
61022600
61022700
61022800
61022900
61023000
61023100
61023200
61023300
61023400
61023501
61023502
61023600
61023700
61023801
61023802
61023900
61024000
61024100
61024200
61024301
61024302
61024500
61024700
61024900
61025100
61025300
61025500
61025700
61025900
61026100
61026300
61026500
61026700
61026900
61027100
61027300
61027500
61027700
61027900
61028100
61028300
61028500
61028700
61029100
61029300
61029500
61029700
61029900
61030300
61030700
61030900
61031100
61031703
61031704
61031900
81000100
81000200
81000400
81000600
81000700
81000800
81001000
81001200
81001400
81001600
81001800
81001900
81002000
81002200
81002400
81002500
81002600
81002800
81003000
81003100
81003200
81003300
81003400
81003600
81003700
81003800
81003900
81004001
81004002
81004200
81004300
81004401
81004500
81004700
81005000
81005100
81005200
81005300
81005400
81005500
81005700
81005800
81005900
81006100
81006201
81006202
81006300
81006501
81006502
81006900
81007100
81007300
81007500
81007700
81007900
81008100
81008300
81008500
81008600
81008700
81008800
81009100
81009400
81009500
81009600
81009700
81009800
81009900
81010000
81010100
81010200
81010300
81010400
81010500
81010600
81010701
81010800
81011000
81011100
81011200
81011300
81011400
81011500
81011600
81011700
81011800
81011900
81012000
81012100
81012200
81012301
81012400
81012500
81012601
81012602
81012800
81013000
81013200
81013400
81013500
81013600
81013700
81013800
81014000
81014100
81014201
81014202
81014300
81014400
81014500
81014700
81014800
81014900
81015000
81015100
81015200
81015300
81015400
81015500
81015600
81015700
81015801
81015802
81015900
81016100
81016300
81016400
81016600
81016800
81016900
81017000
81017100
81017200
81017400
81017600
81017800
81017900
81018000
81018101
81018102
81018200
81018300
81018401
81018402
81018501
81018502
81018600
81018700
81018800
81018900
81019000
81019200
81019400
81019600
81019800
81019900
81020200
81020400
81020500
81020600
81020800
81021200
81021400
81021600
81021900
81022001
81022002
81022900
81023000
81023200
81023500
81023600
81023800
81024000
81024300
81024500
81024600
81024700
81024900
81025100
81025301
81025302
81025400
81025500
81025700
81025800
81025900
81026000
81026100
81026200
81026300
81026400
81026500
81026600
81026700
81026901
81026902
81027000
81027100
81027200
81027300
81027400
81027500
81027600
81027700
81027800
81027900
81028000
81028100
81028200
81028300
81028400
81028500
81028700
81028800
81028900
81029100
81029300
81029400
81029500
81029700
81029900
81030600
81030902
81030903
81030904
81031700
81032000
81032700
81032800
81032900
81033000
81033100
81033401
81033402
81033700
81033900
81034700
81035100
81035200
81035300
81035700
81035800
81036100
81036300
81036500
81036600
81036700
81036800
81037100
81037300
81037500
81037600
81037700
81037900
81038100
81038301
81038302
81038400
81039400
81039800
81039900
81040000
81040100
81040200
81040300
81040400
81040500
81040700
81040900
81041100
81041300
81041400
81041500
81042400
81042600
81042700
81043200
81043400
81043701
81043702
81043900
81044000
81044301
81044302
81044400
81044601
81044602
81044800
81045000
81045200
81045400
81045500
81045600
81045700
81045800
81045900
81046000
81046100
81046200
81046300
81046400
81046500
81046600
81046700
81046800
81046900
81047000
81047100
81047200
81047300
81047500
81047600
81047800
81047900
81048000
81048100
81048200
81048300
81048400
81048500
81048900
81049200
81049301
81049302
81049500
81049600
81049700
81049900
81050000
81050201
81050202
81050400
81050500
81050600
81050700
81050800
81051000
81051100
81051200
81051300
81051500
81051600
81051700
81051800
81052000
81052100
81052200
81052400
81052500
81052600
81052800
81053000
81053100
81053200
81053401
81053500
81053601
81053800
81053900
81054000
81054200
81054500
81054700
81054800
81054900
81055100
81055200
81055300
81055400
81055500
81055600
81055700
81055800
81055900
81056000
81056100
81056200
81056400
81056500
81056600
81056700
81056800
81057700
81057900
81058000
81058100
81058200
81058300
81058500
81058700
81058900
81059000
81059100
81059200
81059300
81059400
81059500
81059600
81059800
81059900
81060000
81060100
81060300
81060600
81060701
81060800
81061000
81061200
81061301
81061302
81061400
81061601
81061602
81061800
81061900
81062000
81062100
81062200
81062300
81062400
81062500
81062600
81062700
81062900
81063000
81063200
81063301
81063302
81063500
81063700
81063800
81063900
81064101
81064102
81064500
81064600
81065000
81065400
81065501
81065600
81065702
81065703
81065900
81066000
81066100
81066300
81066400
81066501
81066701
81066900
81067100
81067700
81067900
81068000
81068200
81068300
81068700
81069000
81069300
81069400
81069500
81069701
81069702
81070300
81070700
81070900
81071100
81071303
81071304
81071305
81071306
81071600
81071701
81071702
81071900
81072100
81072300
81072900
81073100
81073700
81073900
81074100
81074300
81074500
81074700
81074900
81075701
81075702
81076901
81076902
81077300
81077500
81077902
81077903
81077904
81077905
81077906
81077907
81077908
81078800
81079000
81079200
81079300
81079701
81079702
81079900
81080301
81080302
81080900
81081400
81081800
81083700
81083800
81084000
81084500
81084601
81084602
81084900
81085300
81085500
81085700
81085900
81086100
81086300
81086400
81086500
81086900
81087100
81088400
81088901
81089200
81090700
81091601
81091602
81091800
81091900
81092200
81092500
81092800
81092900
81093401
81093402
81093800
81093900
81094201
81094202
81094203
81094500
81094700
81095400
81096400
81097202
81097203
81097204
81097300
81098100
81098700
81099100
81099200
81099701
81099703
81099704
81099705
81099801
81099802
81099900
81100801
81100802
81101001
81101002
81101700
81102900
81103201
81103202
81103300
81103900
81104700
81105900
81107201
81107202
81108500
81109300
81109700
81109900
81111300
81112300
81112900
81113300
81113900
81114100
81114700
81115100
81115500
81115700
81115900
81116100
81116300
81116700
81117100
81117500
81118100
81118500
81118700
81118900
81119100
81119300
81119500
81119900
81120100
81120300
81120500
81120700
81121100
81121500
81122300
81122701
81122702
81124100
81124700
81125700
81126500
81126700
81127700
81128300
81129102
81129103
81129104
81130100
81133300
81133900
81134100
81134700
81136700
81137700
81138501
81138502
81139900
81140300
81140901
81140902
81141700
81142900
81143500
81144100
81144700
81145101
81145102
81145900
81146300
81146700
81147100
81147900
81148300
81150701
81150702
81152901
81152902
81155101
81155102
81156700
81157101
81157102
81157901
81157902
81157903
81161700
81162100
81990100
85000300
85000600
85000700
85000800
85000900
85001100
85001700
85001800
85002001
85002002
85002100
85002700
85002900
85003300
85003600
85003900
85004000
85004700
85005000
85005900
85006400
85006700
85007000
85007400
85007500
85007700
85008100
85008900
85009601
85009602
85009700
85010500
85011201
85011202
85011401
85011402
85012100
85012200
85012500
85012804
85012805
85012806
85013201
85013203
85013204
85013301
85013302
85013400
85013800
85014100
85014604
85014605
85014606
85014607
85014608
85014700
85015100
85015400
85015601
85015602
85015603
85016901
85017005
85017007
85017008
85017009
85017010
85017011
85017012
85017300
85017600
85017700
85018100
85018701
85018702
85018901
85018902
85019700
85019800
85020100
85020700
85020801
85020803
85020804
85021300
85022300
85022600
85022800
85023100
85023900
85024401
85024402
85024700
85024800
85025100
85027301
85027302
85027702
85027704
85027705
85027706
85027900
85029102
85029103
85029104
85030301
85030302
85031901
85031902
85032300
85990100