1st Precinct 51 84 57 83 75 350
5th Precinct 49 51 50 54 62 266
6th Precinct 84 78 69 83 103 417
7th Precinct 34 39 39 40 54 206
9th Precinct 61 95 70 83 69 378
10th Precinct 57 78 65 100 79 379
13th Precinct 65 85 72 70 91 383
14th Precinct 177 206 180 192 157 912
17th Precinct 106 57 40 51 47 301
18th Precinct 114 103 96 117 121 551
19th Precinct 65 79 81 77 52 354
20th Precinct 29 48 48 45 30 200
23rd Precinct 101 104 98 123 121 547
24th Precinct 52 55 51 54 60 272
25th Precinct 79 85 116 97 120 497
26th Precinct 25 51 41 55 59 231
22nd Precinct 4 3 3 1 4 15
28th Precinct 81 84 85 117 121 488
30th Precinct 63 78 75 60 68 344
32nd Precinct 68 97 119 154 127 565
33rd Precinct 58 66 78 74 91 367
34th Precinct 64 76 73 86 88 387
40th Precinct 136 126 176 208 162 808
41st Precinct 52 63 68 58 85 326
42nd Precinct 74 91 67 95 105 432
43rd Precinct 125 152 199 194 200 870
44th Precinct 160 176 203 255 244 1,038
45th Precinct 43 46 71 51 72 283
46th Precinct 112 152 162 169 198 793
47th Precinct 112 122 141 140 197 712
48th Precinct 88 79 76 94 153 490
49th Precinct 55 74 82 62 72 345
50th Precinct 41 53 49 57 49 249
52nd Precinct 118 122 126 187 187 740
60th Precinct 53 67 95 110 117 442
61st Precinct 61 90 62 75 79 367
62nd Precinct 60 47 37 50 59 253
63rd Precinct 48 55 55 58 75 291
66th Precinct 22 44 40 49 29 184
67th Precinct 132 170 197 216 199 914
68th Precinct 41 52 51 57 48 249
69th Precinct 44 60 74 92 81 351
70th Precinct 90 106 153 232 170 751
71st Precinct 70 96 121 139 141 567
72nd Precinct 58 60 87 72 65 342
76th Precinct 45 36 31 53 43 208
78th Precinct 36 41 52 46 47 222
73rd Precinct 162 127 222 243 280 1,034
75th Precinct 169 228 299 333 349 1,378
77th Precinct 117 124 155 177 145 718
79th Precinct 161 100 120 145 156 682
81st Precinct 81 95 80 125 118 499
83rd Precinct 94 85 140 159 145 623
84th Precinct 79 83 66 103 63 394
88th Precinct 60 74 66 71 62 333
90th Precinct 57 54 87 79 102 379
94th Precinct 29 31 37 29 21 147
100th Precinct 41 37 28 33 46 185
101st Precinct 49 62 78 101 105 395
102nd Precinct 54 60 70 74 83 341
103rd Precinct 100 107 160 178 171 716
105th Precinct 85 83 86 112 84 450
106th Precinct 31 59 53 63 67 273
107th Precinct 37 43 55 58 42 235
113th Precinct 96 99 77 109 88 469
104th Precinct 41 71 53 62 53 280
108th Precinct 33 41 49 47 38 208
109th Precinct 53 65 86 77 46 327
110th Precinct 52 54 78 69 58 311
111th Precinct 26 33 32 24 20 135
112th Precinct 24 38 29 31 31 153
114th Precinct 94 102 81 97 108 482
115th Precinct 59 58 87 69 67 340
120th Precinct 136 122 138 170 164 730
122nd Precinct 61 59 63 72 55 310
123rd Precinct 29 21 21 28 21 120