1st Precinct 16 9 24 29 24 102
5th Precinct 14 19 20 13 12 78
6th Precinct 27 31 19 41 31 149
7th Precinct 20 32 28 32 17 129
9th Precinct 31 29 24 21 25 130
10th Precinct 29 19 21 34 18 121
13th Precinct 22 19 12 19 23 95
14th Precinct 60 37 44 23 24 188
17th Precinct 14 17 9 17 19 76
18th Precinct 33 30 26 27 24 140
19th Precinct 17 22 20 26 16 101
20th Precinct 19 15 20 22 19 95
23rd Precinct 35 35 34 39 33 176
24th Precinct 24 28 18 16 29 115
25th Precinct 27 22 34 41 33 157
26th Precinct 17 19 13 11 15 75
22nd Precinct 5 6 5 4 9 29
28th Precinct 27 38 37 31 18 151
30th Precinct 24 21 29 30 20 124
32nd Precinct 76 63 39 48 40 266
33rd Precinct 31 31 25 25 29 141
34th Precinct 49 47 26 41 39 202
40th Precinct 35 53 36 18 50 192
41st Precinct 43 53 72 44 49 261
42nd Precinct 45 37 67 46 33 228
43rd Precinct 64 61 54 52 37 268
44th Precinct 121 98 95 105 80 499
45th Precinct 29 23 37 27 21 137
46th Precinct 84 102 109 93 66 454
47th Precinct 106 97 89 57 55 404
48th Precinct 43 59 67 61 33 263
49th Precinct 35 31 28 35 27 156
50th Precinct 27 26 23 18 12 106
52nd Precinct 97 89 61 46 49 342
60th Precinct 24 21 23 25 22 115
61st Precinct 30 28 29 25 27 139
62nd Precinct 28 13 10 23 20 94
63rd Precinct 25 24 36 32 28 145
66th Precinct 22 18 12 11 15 78
67th Precinct 51 64 53 41 48 257
68th Precinct 18 13 13 19 21 84
69th Precinct 35 33 27 29 27 151
70th Precinct 87 82 86 66 47 368
71st Precinct 53 42 53 41 48 237
72nd Precinct 26 29 33 25 25 138
76th Precinct 16 17 24 11 20 88
78th Precinct 12 9 14 12 12 59
73rd Precinct 72 98 79 57 54 360
75th Precinct 142 128 131 110 92 603
77th Precinct 62 73 75 69 50 329
79th Precinct 48 67 68 52 47 282
81st Precinct 41 40 63 59 39 242
83rd Precinct 52 65 41 58 55 271
84th Precinct 13 16 17 11 18 75
88th Precinct 17 26 18 18 15 94
90th Precinct 36 35 39 21 26 157
94th Precinct 15 19 13 16 12 75
100th Precinct 17 22 18 18 14 89
101st Precinct 42 26 55 56 50 229
102nd Precinct 22 12 26 21 24 105
103rd Precinct 64 45 40 56 34 239
105th Precinct 18 33 49 49 37 186
106th Precinct 34 32 41 29 32 168
107th Precinct 20 24 24 15 17 100
113th Precinct 38 46 46 51 44 225
104th Precinct 21 32 16 31 28 128
108th Precinct 26 13 9 13 28 89
109th Precinct 24 23 13 29 23 112
110th Precinct 22 21 19 28 18 108
111th Precinct 7 6 11 18 13 55
112th Precinct 8 11 16 15 14 64
114th Precinct 31 28 27 32 33 151
115th Precinct 34 40 36 24 17 151
120th Precinct 50 65 78 65 86 344
122nd Precinct 25 25 32 29 33 144
123rd Precinct 10 11 11 8 11 51