1st Precinct 9 24 29 25 16 103
5th Precinct 19 20 13 13 20 85
6th Precinct 31 19 40 30 34 154
7th Precinct 32 28 32 22 18 132
9th Precinct 29 24 21 26 25 125
10th Precinct 19 21 33 19 18 110
13th Precinct 19 12 19 25 31 106
14th Precinct 37 44 23 24 32 160
17th Precinct 17 9 17 20 24 87
18th Precinct 30 26 27 28 29 140
19th Precinct 22 20 25 18 21 106
20th Precinct 15 20 22 20 25 102
23rd Precinct 35 34 39 36 33 177
24th Precinct 28 18 16 30 29 121
25th Precinct 22 34 39 37 31 163
26th Precinct 19 13 11 17 14 74
22nd Precinct 6 5 4 9 7 31
28th Precinct 38 37 31 20 34 160
30th Precinct 21 29 29 22 30 131
32nd Precinct 63 39 48 41 27 218
33rd Precinct 31 25 25 28 33 142
34th Precinct 47 26 41 44 44 202
40th Precinct 53 36 18 49 52 208
41st Precinct 53 72 43 53 39 260
42nd Precinct 37 67 45 35 44 228
43rd Precinct 61 54 51 38 36 240
44th Precinct 98 95 107 96 65 461
45th Precinct 23 37 27 22 20 129
46th Precinct 102 109 92 78 42 423
47th Precinct 97 89 58 60 60 364
48th Precinct 59 67 63 34 34 257
49th Precinct 31 28 35 25 23 142
50th Precinct 26 23 18 12 15 94
52nd Precinct 89 61 46 51 52 299
60th Precinct 21 23 25 24 22 115
61st Precinct 28 29 25 30 24 136
62nd Precinct 13 10 23 23 21 90
63rd Precinct 24 36 32 35 31 158
66th Precinct 18 12 11 15 17 73
67th Precinct 64 53 41 48 41 247
68th Precinct 13 13 19 23 18 86
69th Precinct 33 27 29 30 36 155
70th Precinct 82 86 66 52 60 346
71st Precinct 42 53 41 52 35 223
72nd Precinct 29 33 25 29 29 145
76th Precinct 17 24 10 25 15 91
78th Precinct 9 14 12 12 20 67
73rd Precinct 98 79 57 56 48 338
75th Precinct 128 131 109 98 91 557
77th Precinct 73 75 69 53 55 325
79th Precinct 67 68 51 52 81 319
81st Precinct 40 63 59 47 37 246
83rd Precinct 65 41 58 55 51 270
84th Precinct 16 17 11 20 27 91
88th Precinct 26 18 18 16 18 96
90th Precinct 35 39 22 29 21 146
94th Precinct 19 13 16 17 18 83
100th Precinct 22 18 18 14 20 92
101st Precinct 26 55 56 51 40 228
102nd Precinct 12 26 21 24 31 114
103rd Precinct 45 40 56 38 61 240
105th Precinct 33 49 48 39 44 213
106th Precinct 32 41 29 33 22 157
107th Precinct 24 24 15 16 21 100
113th Precinct 46 46 51 52 57 252
104th Precinct 32 16 31 31 30 110
108th Precinct 13 9 13 29 13 64
109th Precinct 23 13 29 25 28 90
110th Precinct 21 19 28 19 28 87
111th Precinct 6 11 17 13 8 47
112th Precinct 11 16 15 14 15 56
114th Precinct 28 27 32 33 25 120
115th Precinct 40 36 24 20 29 120
120th Precinct 65 78 65 94 53 355
121nd Precinct 0 0 0 0 34 34
122nd Precinct 25 32 29 35 29 150
123rd Precinct 11 11 8 10 6 46